import numpy as np

stress_KE_uniform_mesh_2d_p1_data= [
    {   
        "extent": (0, 6, 0, 2),
        "h": (1.0, 1.0),
        "origin": (0, 0),
        
        # 6 7-------4 5
        #  |         |
        #  |         |
        #  |         |
        # 0 1---→---2 3
        "wiseclose_gd_priority": np.array([
            [0.49450549, 0.17857143, -0.3021978, -0.01373626, -0.24725275, -0.17857143, 0.05494505, 0.01373626],
            [0.17857143, 0.49450549, 0.01373626, 0.05494505, -0.17857143, -0.24725275, -0.01373626, -0.3021978],
            [-0.3021978, 0.01373626, 0.49450549, -0.17857143, 0.05494505, -0.01373626, -0.24725275, 0.17857143],
            [-0.01373626, 0.05494505, -0.17857143, 0.49450549, 0.01373626, -0.3021978, 0.17857143, -0.24725275],
            [-0.24725275, -0.17857143, 0.05494505, 0.01373626, 0.49450549, 0.17857143, -0.3021978, -0.01373626],
            [-0.17857143, -0.24725275, -0.01373626, -0.3021978, 0.17857143, 0.49450549, 0.01373626, 0.05494505],
            [0.05494505, -0.01373626, -0.24725275, 0.17857143, -0.3021978, 0.01373626, 0.49450549, -0.17857143],
            [0.01373626, -0.3021978, 0.17857143, -0.24725275, -0.01373626, 0.05494505, -0.17857143, 0.49450549]
        ], dtype=np.float64),

        # 2 3-------6 7
        #  |         |
        #  ↑         |
        #  |         |
        # 0 1-------4 5
        "yx_gd_priority": np.array([
            [0.49450549, 0.17857143, 0.05494505, 0.01373626, -0.3021978, -0.01373626, -0.24725275, -0.17857143],
            [0.17857143, 0.49450549, -0.01373626, -0.3021978, 0.01373626, 0.05494505, -0.17857143, -0.24725275],
            [0.05494505, -0.01373626, 0.49450549, -0.17857143, -0.24725275, 0.17857143, -0.3021978, 0.01373626],
            [0.01373626, -0.3021978, -0.17857143, 0.49450549, 0.17857143, -0.24725275, -0.01373626, 0.05494505],
            [-0.3021978, 0.01373626, -0.24725275, 0.17857143, 0.49450549, -0.17857143, 0.05494505, -0.01373626],
            [-0.01373626, 0.05494505, 0.17857143, -0.24725275, -0.17857143, 0.49450549, 0.01373626, -0.3021978],
            [-0.24725275, -0.17857143, -0.3021978, -0.01373626, 0.05494505, 0.01373626, 0.49450549, 0.17857143],
            [-0.17857143, -0.24725275, 0.01373626, 0.05494505, -0.01373626, -0.3021978, 0.17857143, 0.49450549]
        ], dtype=np.float64),

        # 1 5-------3 7
        #  |         |
        #  ↑         |
        #  |         |
        # 0 4-------2 6
        "yx_dof_priority": np.array([
            [ 0.49450549,  0.05494505, -0.3021978,  -0.24725275,  0.17857143,  0.01373626, -0.01373626, -0.17857143],
            [ 0.05494505,  0.49450549, -0.24725275, -0.3021978,  -0.01373626, -0.17857143,  0.17857143,  0.01373626],
            [-0.3021978,  -0.24725275,  0.49450549,  0.05494505,  0.01373626,  0.17857143, -0.17857143, -0.01373626],
            [-0.24725275, -0.3021978,   0.05494505,  0.49450549, -0.17857143, -0.01373626,  0.01373626,  0.17857143],
            [ 0.17857143, -0.01373626,  0.01373626, -0.17857143,  0.49450549, -0.3021978,   0.05494505, -0.24725275],
            [ 0.01373626, -0.17857143,  0.17857143, -0.01373626, -0.3021978,   0.49450549, -0.24725275,  0.05494505],
            [-0.01373626,  0.17857143, -0.17857143,  0.01373626,  0.05494505, -0.24725275,  0.49450549, -0.3021978 ],
            [-0.17857143,  0.01373626, -0.01373626,  0.17857143, -0.24725275,  0.05494505, -0.3021978,   0.49450549]
        ], dtype=np.float64),
    }
]

KE_uniform_mesh_3d_p1_data = [
    {
        "extent": (0, 30, 0, 10, 0, 2),
        "h": (1.0, 1.0, 1.0),
        "origin": (0, 0, 0),

        #    6 7------4 5
        #   / |       /|
        # 1415-----1213|
        #  |  |      | |
        #  | 0 1-----|2 3
        #  | /       |/
        # 8 9------1011
        "wiseclose_gd_priority": np.array([
            [0.235042735042735, 0.0801282051282051, 0.0801282051282051, -0.106837606837607, 0.0160256410256410, 0.0160256410256410, -0.0854700854700855, -0.0801282051282051, 0.00801282051282051, 0.0534188034188034, -0.0160256410256410, 0.0400641025641026, 0.0534188034188034, 0.0400641025641026, -0.0160256410256410, -0.0854700854700855, 0.00801282051282051, -0.0801282051282051, -0.0587606837606838, -0.0400641025641026, -0.0400641025641026, -0.00534188034188034, -0.00801282051282051, -0.00801282051282051],
            [0.0801282051282051, 0.235042735042735, 0.0801282051282051, -0.0160256410256410, 0.0534188034188034, 0.0400641025641026, -0.0801282051282051, -0.0854700854700855, 0.00801282051282051, 0.0160256410256410, -0.106837606837607, 0.0160256410256410, 0.0400641025641026, 0.0534188034188034, -0.0160256410256410, -0.00801282051282051, -0.00534188034188034, -0.00801282051282051, -0.0400641025641026, -0.0587606837606838, -0.0400641025641026, 0.00801282051282051, -0.0854700854700855, -0.0801282051282051],
            [0.0801282051282051, 0.0801282051282051, 0.235042735042735, -0.0160256410256410, 0.0400641025641026, 0.0534188034188034, -0.00801282051282051, -0.00801282051282051, -0.00534188034188034, 0.0400641025641026, -0.0160256410256410, 0.0534188034188034, 0.0160256410256410, 0.0160256410256410, -0.106837606837607, -0.0801282051282051, 0.00801282051282051, -0.0854700854700855, -0.0400641025641026, -0.0400641025641026, -0.0587606837606838, 0.00801282051282051, -0.0801282051282051, -0.0854700854700855],
            [-0.106837606837607, -0.0160256410256410, -0.0160256410256410, 0.235042735042735, -0.0801282051282051, -0.0801282051282051, 0.0534188034188034, 0.0160256410256410, -0.0400641025641026, -0.0854700854700855, 0.0801282051282051, -0.00801282051282051, -0.0854700854700855, -0.00801282051282051, 0.0801282051282051, 0.0534188034188034, -0.0400641025641026, 0.0160256410256410, -0.00534188034188034, 0.00801282051282051, 0.00801282051282051, -0.0587606837606838, 0.0400641025641026, 0.0400641025641026],
            [0.0160256410256410, 0.0534188034188034, 0.0400641025641026, -0.0801282051282051, 0.235042735042735, 0.0801282051282051, -0.0160256410256410, -0.106837606837607, 0.0160256410256410, 0.0801282051282051, -0.0854700854700855, 0.00801282051282051, 0.00801282051282051, -0.00534188034188034, -0.00801282051282051, -0.0400641025641026, 0.0534188034188034, -0.0160256410256410, -0.00801282051282051, -0.0854700854700855, -0.0801282051282051, 0.0400641025641026, -0.0587606837606838, -0.0400641025641026],
            [0.0160256410256410, 0.0400641025641026, 0.0534188034188034, -0.0801282051282051, 0.0801282051282051, 0.235042735042735, -0.0400641025641026, -0.0160256410256410, 0.0534188034188034, 0.00801282051282051, -0.00801282051282051, -0.00534188034188034, 0.0801282051282051, 0.00801282051282051, -0.0854700854700855, -0.0160256410256410, 0.0160256410256410, -0.106837606837607, -0.00801282051282051, -0.0801282051282051, -0.0854700854700855, 0.0400641025641026, -0.0400641025641026, -0.0587606837606838]
        ], dtype=np.float64),
    }
]

strain_KE_triangle_p1_data = [
    {
        "box": [0, 1, 0, 1],
        "nx": 1,
        "ny": 1,

        # 1 5-------3 7
        #  |      /   |
        #  ↓ 1  /  0  ↑
        #  |  /       |
        # 0 4-------2 6
        #           2 5
        #         /   |
        #       /     ↑
        #     /       |
        # 0 3-------1 4

        "yx_dof_priority": np.array([
            [0.86538462, -0.19230769, -0.67307692, -0.48076923, 0.28846154, 0.19230769],
            [-0.19230769, 0.19230769, 0.0, 0.19230769, 0.0, -0.19230769],
            [-0.67307692, 0.0, 0.67307692, 0.28846154, -0.28846154, 0.0],
            [-0.48076923, 0.19230769, 0.28846154, 0.86538462, -0.67307692, -0.19230769],
            [0.28846154,  0.0, -0.28846154, -0.67307692, 0.67307692, 0.0],
            [0.19230769, -0.19230769, 0.0, -0.19230769, 0.0, 0.19230769]
        ], dtype=np.float64),

        # 2 3-------6 7
        #  |      /   |
        #  ↓ 1  /  0  ↑
        #  |  /       |
        # 0 1-------4 5
        #           4 5
        #         /   |
        #       /     ↑
        #     /       |
        # 0 1-------2 3
        "yx_gd_priority": np.array([
            [0.86538462, -0.48076923, -0.19230769, 0.28846154, -0.67307692, 0.19230769],
            [-0.48076923, 0.86538462, 0.19230769, -0.67307692, 0.28846154, -0.19230769],
            [-0.19230769, 0.19230769, 0.19230769, 0.0, 0.0, -0.19230769],
            [0.28846154, -0.67307692, 0.0, 0.67307692, -0.28846154, 0.0],
            [-0.67307692, 0.28846154, 0.0, -0.28846154, 0.67307692, 0.0],
            [0.19230769, -0.19230769, -0.19230769, 0.0, 0.0, 0.19230769]
        ], dtype=np.float64),
    }
]

stress_KE_triangle_p1_data = [
    {
        "box": [0, 1, 0, 1],
        "nx": 1,
        "ny": 1,

        # 1 5-------3 7
        #  |      /   |
        #  ↓ 1  /  0  ↑
        #  |  /       |
        # 0 4-------2 6
        #           2 5
        #         /   |
        #       /     ↑
        #     /       |
        # 0 3-------1 4

        "yx_dof_priority": np.array([
            [0.74175824, -0.19230769, -0.54945055, -0.35714286, 0.16483516, 0.19230769],
            [-0.19230769, 0.19230769, 0.0, 0.19230769, 0.0, -0.19230769],
            [-0.54945055, 0.0, 0.54945055, 0.16483516, -0.16483516, 0.0],
            [-0.35714286, 0.16483516, 0.19230769, 0.74175824, -0.54945055, -0.19230769],
            [0.19230769, 0.0, -0.19230769, -0.54945055, 0.54945055, 0.0],
            [0.16483516, -0.16483516, 0.0, -0.19230769, 0.0, 0.19230769]
        ], dtype=np.float64),

        # 2 3-------6 7
        #  |      /   |
        #  ↓ 1  /  0  ↑
        #  |  /       |
        # 0 1-------4 5
        #           4 5
        #         /   |
        #       /     ↑
        #     /       |
        # 0 1-------2 3
        "yx_gd_priority": np.array([
            [0.74175824, -0.35714286, -0.19230769, 0.16483516, -0.54945055, 0.19230769],
            [-0.35714286, 0.74175824, 0.16483516, -0.54945055, 0.19230769, -0.19230769],
            [-0.19230769, 0.19230769, 0.19230769, 0.0, 0.0, -0.19230769],
            [0.19230769, -0.54945055, 0.0, 0.54945055, -0.19230769, 0.0],
            [-0.54945055, 0.16483516, 0.0, -0.16483516, 0.54945055, 0.0],
            [0.16483516, -0.19230769, -0.16483516, 0.0, 0.0, 0.19230769]
        ], dtype=np.float64),
    }
]

KE_tetrahedron_p1_data = [
    {
        "box": [0, 1, 0, 1, 0, 1],
        "nx": 1,
        "ny": 1,
        "nz": 1,
    }
]