{
    "pictures": [
            "camera_inputs/src_1.jpg",
            "camera_inputs/src_2.jpg",
            "camera_inputs/src_3.jpg",
            "camera_inputs/src_4.jpg",
            "camera_inputs/src_5.jpg",
            "camera_inputs/src_6.jpg"],

    "test_pictures": [
            "camera_test/src_1.jpg",
            "camera_test/src_2.jpg",
            "camera_test/src_3.jpg",
            "camera_test/src_4.jpg",
            "camera_test/src_5.jpg",
            "camera_test/src_6.jpg"],

    "name" : ["right_front", "right_rear", "rear", "left_rear","left_front", "front"],
    "right_front_feature_points": {
        "image": [
      [272.69, 689.24], [258.24, 673.59], [297.37, 593.53], [322.65, 597.14],
      [282.01, 654.70], [272.57, 649.45], [287.25, 619.05], [300.35, 623.25],
      [1694.14, 705.02], [1665.83, 733.32], [1605.55, 618.53], [1642.77, 608.04],
      [1671.60, 677.24], [1657.97, 687.19], [1639.10, 647.88], [1652.20, 641.59]
        ],
        "ground" : [
            [ 8.88, -1.86], [ 9.76, -1.86], [ 9.76, -2.73], [ 8.88, -2.73],
            [ 9.18, -2.15], [ 9.45, -2.14], [ 9.45, -2.44], [ 9.18, -2.44],
            [-0.88, -1.86], [ 0.0  , -1.86], [ 0.0  , -2.74], [-0.88, -2.74],
            [-0.58, -2.16], [-0.3 , -2.17], [-0.3 , -2.44], [-0.58, -2.44]
        ]
    },
    "right_rear_feature_points": {
        "image": [
      [322.58, 714.17], [287.03, 694.30], [338.26, 596.53], [381.66, 598.62],
      [327.28, 669.73], [311.60, 665.02], [331.47, 628.95], [347.15, 632.61],
      [1725.88, 711.38], [1709.04, 728.22], [1663.98, 633.55], [1687.20, 629.46],
      [1711.32, 688.62], [1701.31, 692.72], [1685.83, 661.77], [1696.30, 658.58]
        ],
        "ground":[
            [-0.88, -1.86], [ 0.0  , -1.86], [ 0.0  , -2.74], [-0.88, -2.74],
            [-0.58, -2.16], [-0.3 , -2.17], [-0.3 , -2.44], [-0.58, -2.44],
            [-9.73, -1.86], [-8.85, -1.86], [-8.85, -2.74], [-9.73, -2.74],
            [-9.43, -2.17], [-9.15, -2.17], [-9.15, -2.44], [-9.43, -2.44]
        ]
    },
    "rear_feature_points": {
        "image": [
      [560.61, 525.82], [464.94, 710.05], [377.17, 671.31], [460.19, 528.98],
      [492.61, 578.01], [460.19, 634.94], [426.19, 625.45], [454.66, 574.05],
      [1558.49, 534.08], [1637.63, 678.22], [1553.98, 709.11], [1463.25, 530.22],
      [1562.35, 578.48], [1591.95, 631.25], [1560.42, 637.68], [1529.53, 580.41]
        ],
        "ground":[
            [-9.73, -1.86], [-8.85, -1.86], [-8.85, -2.74], [-9.73, -2.74],
            [-9.43, -2.17], [-9.15, -2.17], [-9.15, -2.44], [-9.43, -2.44],
            [-9.72,  2.71], [-8.84,  2.7 ], [-8.85,  1.83], [-9.72,  1.84],
            [-9.43,  2.42], [-9.14,  2.42], [-9.14,  2.14], [-9.43,  2.14]
        ]
    },
    "left_rear_feature_points": {
        "image": [
      [287.19, 561.19], [309.04, 564.83], [262.16, 653.76], [247.14, 642.20],
      [277.63, 588.49], [288.10, 592.13], [271.72, 622.63], [261.70, 617.17],
      [1594.80, 564.37], [1637.13, 561.19], [1688.11, 659.95], [1654.43, 681.80],
      [1629.85, 598.51], [1643.96, 595.78], [1661.71, 629.46], [1648.51, 634.92]
        ],
        "ground": [
            [-9.72,  2.71], [-8.84,  2.7 ], [-8.85,  1.83], [-9.72,  1.84],
            [-9.43,  2.42], [-9.14,  2.42], [-9.14,  2.14], [-9.43,  2.14],
            [-0.87,  2.71], [ 0.01,  2.71], [ 0.01,  1.84], [-0.87,  1.84],
            [-0.57,  2.41], [-0.3 ,  2.42], [-0.29,  2.14], [-0.58,  2.14]
        ]
    },
    "left_front_feature_points": {
        "image": [
      [329.74, 554.45], [369.79, 562.75], [305.80, 678.53], [275.51, 652.15],
      [320.46, 589.13], [335.11, 595.97], [314.59, 632.12], [299.94, 623.81],
      [1654.16, 584.73], [1679.46, 583.15], [1714.25, 665.77], [1698.04, 678.03],
      [1677.48, 613.59], [1687.37, 611.22], [1701.20, 641.26], [1692.11, 644.43]
        ],
      "ground" : [
          [-0.87,  2.71], [ 0.01,  2.71], [ 0.01,  1.84], [-0.87,  1.84],
          [-0.57,  2.41], [-0.3 ,  2.42], [-0.29,  2.14], [-0.58,  2.14],
          [ 8.88,  2.71], [ 9.76,  2.71], [ 9.76,  1.84], [ 8.88,  1.84],
          [ 9.18,  2.42], [ 9.46,  2.42], [ 9.46,  2.14], [ 9.18,  2.14]
      ]

    },
    "front_feature_points": {
        "image": [
      [304.64, 717.76], [383.89, 572.75], [484.50, 580.62], [391.20, 767.78],
      [352.98, 676.73], [382.21, 622.77], [415.37, 628.95], [383.89, 687.41],
      [1488.92, 769.47], [1394.49, 582.30], [1491.17, 572.19], [1572.67, 717.20],
      [1495.10, 690.78], [1464.19, 630.64], [1496.23, 622.77], [1526.01, 677.29]
        ],
        "ground":[
            [ 8.88,  2.71], [ 9.76,  2.71], [ 9.76,  1.84], [ 8.88,  1.84],
            [ 9.18,  2.42], [ 9.46,  2.42], [ 9.46,  2.14], [ 9.18,  2.14],
            [ 8.88, -1.86], [ 9.76, -1.86], [ 9.76, -2.73], [ 8.88, -2.73],
            [ 9.18, -2.15], [ 9.45, -2.14], [ 9.45, -2.44], [ 9.18, -2.44]
        ]
    },

    "chessboard_dir": [
            "camera_models/chessboard_1",
            "camera_models/chessboard_2",
            "camera_models/chessboard_3",
            "camera_models/chessboard_4",
            "camera_models/chessboard_5",
            "camera_models/chessboard_6"],
    "pic_folder": [
        "pic_folder/0_images",
        "pic_folder/1_images",
        "pic_folder/2_images",
        "pic_folder/3_images",
        "pic_folder/4_images",
        "pic_folder/5_images"],

  "center_height": 3,
  "locations": [[ 4.175, -1.735, -1.485],
               [-4.175, -1.735, -1.495],
               [-8.75 ,  0.0   , -1.705],
               [-4.175,  1.735, -1.505],
               [ 4.175,  1.735, -1.505],
               [ 8.75 ,  0.0   , -1.655]],

  "direction" : [
                 [[-1.00000000e+00,  8.65956056e-17, -8.65956056e-17],
                  [ 1.22464680e-16,  7.07106781e-01, -7.07106781e-01],
                  [ 0.00000000e+00, -7.07106781e-01, -7.07106781e-01]], 

                  [[-1.00000000e+00,  8.65956056e-17, -8.65956056e-17],
                   [ 1.22464680e-16,  7.07106781e-01, -7.07106781e-01],
                   [ 0.00000000e+00, -7.07106781e-01, -7.07106781e-01]], 
                  
                  [[ 4.32978028e-17,  1.00000000e+00,  7.91668771e-17],
                   [ 7.07106781e-01,  2.53632657e-17, -7.07106781e-01],
                   [-7.07106781e-01,  8.65956056e-17, -7.07106781e-01]], 

                  [[ 1.0        ,  0.0        ,  0.0        ],
                   [ 0.0        , -0.70710678, -0.70710678],
                   [ 0.0        ,  0.70710678, -0.70710678]], 

                  [[ 1.0        ,  0.0        ,  0.0        ],
                   [ 0.0        , -0.70710678, -0.70710678],
                   [ 0.0        ,  0.70710678, -0.70710678]],

                  [[ 4.32978028e-17, -1.00000000e+00, -7.91668771e-17],
                   [-7.07106781e-01,  2.53632657e-17, -7.07106781e-01],
                   [ 7.07106781e-01,  8.65956056e-17, -7.07106781e-01]]
                  ],


  "eular_angle": [
        [-2.356194490192345, -0.0, 3.141592653589793],
        [-2.356194490192345, -0.0, 3.141592653589793],
        [3.141592653589793, 0.7853981633974483, 1.5707963267948966],
        [2.356194490192345, -0.0, 0.0],
        [2.356194490192345, -0.0, 0.0],
        [3.141592653589793, -0.7853981633974483, -1.5707963267948966]],

  "view_point" : [0, 0, 0],
  "car_size" : [17.5, 3.47, 3], 
  "scale_factor" : [1.618, 3.618, 1.618]
}

